#inner loop (5 line)
#color
#0 255 0
bezier
86 150.3 68 -4 234 78.5 152 156
bezier
84.4 136 91.2 177 62 198.3 91 292
bezier
152 156 95.7 223 125.2 237.6 113.6 297
bezier
113.6 297 121.6 356.5 145.3 422 191.2 500.2
bezier
91 292 112.2 327.7 108 391 177.4 500.4
#outer loop (1 line)
#color
#255 0 0
bezier
72 109 91 -6.6 244.4 74.6 165 157.6
bezier
165 157.6 110.5 227.5 103 253.6 101 319
bezier
72 109 59 229.3 68 258 77 326.4
bezier
77 326.4 91 384 61.7 465.4 78.6 500.4
bezier
101 319 97.6 388.4 75.5 468 92 500.2
#track switches
bezier
72.2 109 75.8 114.4 80.2 122.7 83.6 131.6
bezier
177.3 139.6 173.1 145.24 162.2 145.4 154 155
#platform outer loop
bezier
92.7 51.9 139 25.9 194 56.1 196 104.3
line
92.7 51.9 0 95.88 57 0
bezier
95.88 57 129.5 35.4 188 53.9 190.2 105.1
line
190.2 105.1 0 196 104.3 0
#platform inner loop
bezier
102.1 85.5 131 55.8 170.4 86.8 164.4 111.5
line
102.1 85.5 0 97 82.6 0
bezier
97 82.6 123.2 49.2 177.1 76.15 170.5 111.4
line
170.5 111.4 0 164.4 111.5 0
display